[69,33],[69,32],[68,32],[67,32],[66,32],[65,31],[65,32],[65,33],[64,32],[63,32],[62,32],[61,32],[61,33],[60,34],[60,33],[59,33],[58,33],[57,33],[57,34],[57,35],[57,36],[59,35],[58,36],[58,35],[58,34]

[63,91],[61,92],[61,91],[61,90],[60,90],[60,91],[60,92],[60,93],[59,93],[59,92],[59,91],[59,90],[59,89],[59,86],[59,85],[59,84],[58,84],[58,85],[58,86],[58,87],[58,91],[58,92],[58,93],[58,94],[57,93],[57,92],[57,91],[57,90],[57,89],[57,88],[57,87],[57,86],[57,85],[57,84],[57,83],[56,83],[56,84],[56,85],[56,86],[56,87],[56,88],[56,89],[56,90],[56,91],[56,92],[56,93],[55,93],[55,92],[55,91],[55,90],[55,89],[55,88],[55,87],[55,86],[55,85],[55,84],[55,83],[54,84],[54,85],[54,86],[54,87],[54,88],[54,89],[54,90],[54,91],[54,92],[54,93],[53,91],[53,90],[53,89],[53,88],[53,87],[53,86],[52,86],[52,87],[52,88],[52,91],[51,90],[51,88],[51,87]

[56,36],[56,35],[56,34],[55,33],[55,34],[55,35],[55,36],[55,37],[55,38],[54,39],[54,38],[54,37],[54,36],[54,35],[54,34],[53,34],[53,35],[53,36],[53,37],[53,38],[53,39],[53,40],[52,39],[52,38],[52,37],[52,36],[52,35],[52,34],[51,33],[51,34],[51,35],[51,36],[51,37],[51,38],[51,39],[51,40],[50,40],[50,39],[50,38],[50,37],[50,36],[50,35],[50,34],[50,33],[49,33],[49,34],[49,35],[49,36],[49,37],[49,38],[49,39],[49,40],[48,39],[48,38],[48,37],[48,36],[js:156], [48,35]

[53,32],[53,33],[54,32],[54,33],[55,32],[56,33],[56,32],[57,32],[57,31],[58,32],[58,31],[59,31],[59,32],[60,32],[60,31],[61,31],[62,31],[63,31],[64,31],[65,30],[66,31],[67,31],[68,31]

[44,72],[43,71],[43,72],[42,73],[42,72],[42,71],[41,71],[41,72],[41,73],[41,74],[40,75],[40,74],[40,73],[40,72],[40,71],[39,71],[39,72],[39,73],[38,72],[38,73],[37,72]

[37,88],[37,89],[36,89],[36,90],[36,91],[35,90],[35,91],[35,92],[34,92],[33,92],[33,93],[32,92]

[58,57],[58,58],[58,59],[57,59],[57,58],[57,57],[57,56],[56,56],[56,57],[56,58],[56,59],[56,60],[55,59],[55,58]

[36,50],[37,50],[37,49],[38,49],[39,48],[39,47]

[30,50],[30,51],[30,52],[31,50],[31,51],[31,52],[32,51],[32,52],[32,53],[33,52],[33,51],[33,50],[34,50],[34,51]

[28,54],[29,54],[30,55],[31,55],[31,56],[30,57],[29,57],[28,57],[28,56],[28,55],[29,55]

[37,58],[38,59],[39,59],[40,60],[41,60],[41,59],[40,59],[39,58],[38,58],[38,57],[39,57],[40,58],[41,58],[41,57],[40,57],[39,57]

[52,32],[51,31],[52,31],[52,30],[51,30],[50,31],[50,30],[50,29],[49,29],[49,30],[48,29],[48,30]

[27,57],[26,58],[26,59],[26,60],[27,60],[27,59],[27,58],[28,58],[28,59],[28,60],[29,58],[29,59]

[36,62],[36,63],[35,62],[35,61],[35,60],[34,60],[34,61],[34,62]

[38,20],[38,21],[38,22],[38,23],[38,24],[38,28],[39,28],[41,7],[37,19],[37,20],[37,21],[37,22],[37,23],[37,24],[37,25],[37,26],[37,27],[37,28],[36,29],[36,28],[36,27],[36,26],[36,25],[36,24],[36,23],[36,22],[36,21],[36,20],[36,19],[36,18],[35,17],[35,18],[35,19],[35,20],[35,21],[35,22],[35,23],[35,24],[35,25],[35,26],[35,27],[35,28],[35,29],[34,30],[34,29],[34,28],[34,27],[34,26],[34,25],[34,24],[34,23],[34,22],[34,21],[34,20],[34,19],[34,18],[34,17],[33,17],[33,18],[33,19],[33,20],[33,21],[33,22],[33,23],[33,24],[33,25],[33,26],[33,27],[33,28],[33,29],[33,31],[32,31],[32,30],[32,29],[32,28],[32,27],[32,26],[32,25],[32,24],[32,23],[32,22],[32,21],[32,20],[32,19],[32,18],[32,17],[31,16],[31,17],[31,18],[31,19],[31,20],[31,21],[31,22],[31,23],[31,24],[31,25],[31,26],[31,27],[31,28],[31,29],[31,30],[15,7],[16,6],[16,7],[16,8],[16,9],[16,10],[16,11],[17,12],[17,11],[17,10],[17,9],[17,8],[17,7],[17,6],[17,5],[18,6],[18,7],[18,8],[18,9],[18,10],[18,11],[19,11],[19,10],[19,9],[19,8],[19,7],[19,6],[20,6],[20,7],[20,8],[20,9],[20,10],[20,11],[21,11],[21,10],[21,9],[21,8],[21,7],[21,6],[22,5],[22,6],[22,7],[22,8],[22,9],[22,10],[22,11],[22,12],[23,12],[23,11],[23,10],[23,9],[22,8],[23,8],[23,7],[23,6],[23,5],[24,6],[24,7],[24,8],[25,7],[26,6],[27,5]

[39,21],[39,22],[39,23],[40,22],[40,23],[41,22],[41,23],[42,23],[42,24],[42,25],[42,26],[41,26]

[33,89],[32,89],[31,89],[30,89],[29,88],[29,87],[29,86],[29,85],[29,84],[29,83],[29,82],[29,81],[29,80],[29,79],[29,78],[29,77],[29,76],[29,75],[30,75],[31,74],[32,74],[33,73],[34,73],[35,72],[35,73],[36,74],[37,74],[36,75],[37,75],[38,76],[39,76],[38,77],[37,77],[38,78],[38,79],[39,79],[40,80],[41,80],[40,81],[40,82],[41,82],[40,83],[39,83],[38,84],[38,85],[37,85],[37,84],[36,84],[35,84],[35,85],[34,84],[33,84],[33,85],[33,86],[33,87],[33,88],[33,89]

[30,76],[30,77],[30,78],[30,79],[30,80],[30,81],[30,82],[30,83],[30,84],[30,85],[30,86],[30,87],[30,88],[31,88],[31,87],[31,86],[31,85],[31,84],[31,83],[31,82],[31,81],[31,80],[31,79],[31,78],[31,77],[31,76],[31,75],[32,75],[32,76],[32,77],[32,78],[32,79],[32,80],[32,81],[32,82],[32,83],[32,84],[32,85],[32,86],[32,87],[32,88],[33,83],[33,82],[33,81],[33,80],[33,79],[33,78],[33,77],[33,76],[33,75],[33,74],[34,74],[34,75],[34,76],[34,77],[34,78],[34,79],[34,80],[34,81],[34,82],[34,83],[35,83],[35,82],[35,81],[35,80],[35,79],[35,78],[35,77],[35,76],[35,75],[35,74],[36,76],[36,77],[36,78],[36,79],[36,80],[36,81],[36,82],[36,83],[37,83],[37,82],[37,81],[37,80],[37,79],[37,78],[37,76],[38,80],[38,81],[38,82],[38,83],[39,82],[39,81],[39,80]

[34,77],[30,64],[30,63],[29,62],[28,62],[27,61],[26,61],[25,60],[25,59],[25,58],[24,59],[24,60],[23,60],[22,61],[21,61],[20,61],[19,61],[18,62],[17,61],[21,62],[20,63],[20,64],[19,64],[18,64],[19,65],[18,66],[18,67],[18,68],[17,68],[18,69],[18,70],[17,70],[16,70],[15,70],[14,70],[18,72],[17,72],[16,72],[15,72],[14,73],[14,74],[13,74],[11,73],[12,75],[11,75],[12,76],[11,76],[10,77],[10,78],[10,79],[9,79],[8,80],[9,80],[9,81],[9,82],[10,83],[11,82],[12,82],[13,82],[13,83],[13,84],[13,85],[13,86],[14,86],[15,86],[16,87],[16,88],[15,88],[15,89],[15,90],[13,90],[14,91],[14,92],[15,92],[16,93],[16,94],[17,94],[17,95],[17,96],[17,97],[17,98],[17,99],[17,100],[18,100],[19,100],[20,100],[21,100],[21,99],[22,99],[23,98],[23,97],[24,97],[25,96],[26,96],[27,95],[26,95],[25,95],[24,96],[23,97],[22,97],[22,96],[22,95],[22,94],[23,93],[24,93],[25,93],[25,92],[26,92],[27,91],[28,91],[28,90],[29,89],[30,90],[31,90],[32,90],[28,89],[27,88],[26,88],[25,87],[25,86],[25,85],[26,85],[27,84],[27,83],[26,83],[25,82],[24,82],[23,81],[23,79],[23,78],[24,78],[25,77],[26,77],[26,76],[27,75],[28,75],[28,74],[30,74],[30,73],[30,71],[30,70],[28,69],[28,68],[28,67],[28,66],[28,65],[29,64],[30,64]

[10,82],[10,81],[10,80],[11,77],[11,78],[11,79],[11,80],[11,81],[12,77],[12,79],[12,78],[12,80],[12,81],[13,75],[12,74],[13,77],[13,78],[13,79],[13,80],[13,81],[14,85],[14,84],[14,83],[14,82],[14,81],[14,80],[14,79],[14,78],[14,77],[14,76],[14,75],[15,73],[15,74],[15,75],[15,76],[15,77],[15,78],[15,79],[15,80],[15,81],[15,82],[15,83],[15,84],[15,85],[16,73],[16,74],[16,75],[16,76],[16,77],[16,78],[16,79],[16,80],[16,81],[16,82],[16,83],[16,84],[16,85],[16,86],[16,89],[16,90],[16,91],[16,92],[15,91],[17,93],[17,92],[17,91],[17,90],[17,89],[17,88],[17,87],[17,86],[17,85],[17,84],[17,83],[17,82],[17,81],[17,80],[17,79],[17,78],[17,77],[17,76],[17,75],[17,74],[17,73],[18,71],[18,73],[18,74],[18,75],[18,76],[18,77],[18,78],[18,79],[18,80],[18,81],[18,82],[18,83],[18,84],[18,85],[18,86],[18,87],[18,88],[18,89],[18,90],[18,91],[18,92],[18,93],[18,94],[18,95],[17,95],[18,96],[18,97],[18,98],[18,99],[19,99],[19,98],[19,97],[19,96],[19,95],[19,94],[19,93],[19,92],[19,91],[19,90],[19,89],[19,88],[19,87],[19,86],[19,85],[19,84],[19,83],[19,82],[19,81],[19,80],[19,79],[19,78],[19,77],[19,76],[19,75],[19,74],[19,73],[19,72],[19,71],[19,70],[19,69],[19,68],[19,67],[19,66],[20,65],[20,66],[20,67],[20,68],[20,69],[20,70],[20,71],[20,72],[20,73],[20,74],[20,75],[20,76],[20,77],[20,78],[20,79],[20,80],[20,81],[20,82],[20,83],[20,84],[20,85],[20,86],[20,87],[20,88],[20,89],[20,90],[20,91],[20,92],[20,93],[20,94],[20,95],[20,96],[20,97],[20,98],[20,99],[21,98],[21,97],[22,98],[21,96],[21,95],[21,94],[21,93],[21,92],[21,91],[21,90],[21,89],[21,88],[21,87],[21,86],[21,85],[21,84],[21,83],[21,82],[21,81],[21,80],[21,79],[21,78],[21,77],[21,76],[21,75],[21,74],[21,73],[21,72],[21,71],[21,70],[21,69],[21,68],[21,67],[21,66],[21,65],[21,64],[21,63],[22,62],[22,63],[22,64],[22,65],[22,66],[22,67],[22,68],[22,69],[22,70],[22,71],[22,72],[22,73],[22,74],[22,75],[22,76],[22,77],[22,78],[22,79],[22,80],[22,81],[22,82],[22,83],[22,84],[22,85],[22,86],[22,87],[22,88],[22,89],[22,90],[22,91],[22,92],[22,93],[23,92],[23,91],[23,90],[23,89],[23,88],[23,87],[23,86],[23,85],[23,84],[23,83],[23,82],[23,77],[23,76],[23,75],[23,74],[23,73],[23,72],[23,71],[23,70],[23,69],[23,68],[23,67],[23,66],[23,65],[23,64],[23,63],[23,62],[23,61],[24,61],[24,62],[24,63],[24,64],[24,65],[24,66],[24,67],[24,68],[24,69],[24,70],[24,71],[24,72],[24,73],[24,74],[24,75],[24,76],[24,77],[25,76],[25,75],[25,74],[25,73],[25,72],[25,71],[25,70],[25,69],[25,68],[25,67],[25,66],[25,65],[25,64],[25,63],[25,62],[25,61],[26,62],[26,63],[26,64],[26,65],[26,66],[26,67],[26,68],[26,69],[26,70],[26,71],[26,72],[26,73],[26,74],[26,75],[27,74],[27,73],[27,72],[27,71],[27,70],[27,69],[27,68],[27,67],[27,66],[27,65],[27,64],[27,63],[27,62],[28,63],[28,64],[29,63],[28,70],[28,71],[28,72],[29,72],[29,71],[29,70]
,[24,83],[24,84],[24,85],[24,86],[24,87],[24,88],[24,89],[24,90],[24,91],[24,92],[25,91],[25,90],[25,88],[25,84],[25,83],[26,84],[26,89],[26,90],[26,91],[27,90],[27,89],[20,3],[19,3],[19,2],[18,2],[18,1],[19,1]


[23,80],[28,73],[29,73],[30,73],[30,72],[29,69]